511021
321059
54275
26751
270567
317845
513889
39749
628238
627986
560655
548503
510419
26215
26799
624107
8039
521991
99578
509290
320211
628365
283261
321279
55755
97381
628477
561723
525404
39213
564587
508771
77419
519427
514721
516276
526017
518961
484642
563677
628230
325913
50483
510824
245361
509355
27973
99567
509145
508779
4101
519425
511106
511514
508214
511393
628489
512994
530699
530456
508375
507890
513103
484636
500011
520783
624489
508349
526293
511409
500004
551505
561219
520690
27444
68313
75115
7789
28257
99611
562156
526004
26703
504261
564703
556623
530459
559410
530677
507991
77376
286093
55257
17289
509576
513338
42635
26600
509293
320431
512499
501486
527159
508423
622099
514557
500216
624926
525737
285927
516291
64769
913
525739
513950
118271
564963
519800
125137
507704
517561
508524
519662
514097
513265
625656
100257
1019
502122
519824
74887
525703
263802
525743
509298
320174
132167
507296
526014
485951
526602
505239
484651
512893
